17
Zygorhiza      0.0000000 0.1772916 0.8239592 1.4757376 1.6479184 1.1504478 1.0565754 1.1085764 1.4396946 9.0000000 1.4153022 9.0000000 9.0000000 9.0000000 2.6223807 0.8921881 3.0322885 
Agorophius     0.1772916 0.0000000 0.6354734 1.0506699 1.4894366 1.6479184 1.2070784 1.6479184 2.1677788 9.0000000 1.4594326 3.0322885 9.0000000 1.9685014 0.8239592 0.9913169 1.6479184 
Eudelphis      0.8239592 0.6354734 0.0000000 0.3596798 0.4849704 0.2326162 0.2864510 0.5198604 0.4408400 0.9913169 0.4408400 1.2070784 0.9744622 1.3089296 1.3438196 0.3469676 0.7405400 
Zygophyseter   1.4757376 1.0506699 0.3596798 0.0000000 0.0000010 0.2567147 0.3596798 0.3904008 0.3295250 0.7822818 0.8239592 1.0997528 9.0000000 2.1249100 0.7703650 0.2912780 0.6626257 
Brygmophyseter 1.6479184 1.4894366 0.4849704 0.0000010 0.0000000 0.0750626 0.3596798 0.1772916 0.4099078 0.8990218 0.5393420 1.0763134 1.9237120 3.0322885 0.5481656 0.2326162 0.5068166 
Placoziphius   1.1504478 1.6479184 0.2326162 0.2567147 0.0750626 0.0000000 0.0924245 0.1367412 0.3596798 0.4673914 0.5393420 1.8252100 1.4594326 1.4153022 0.9178316 0.2635484 0.6181316 
Orycterocetus  1.0565754 1.2070784 0.2864510 0.3596798 0.3596798 0.0924245 0.0000000 0.2440668 0.3525027 0.4925847 0.5198604 1.0997528 1.3843700 1.1504478 1.2070784 0.4849704 0.5716050 
Physeterula    1.1085764 1.6479184 0.5198604 0.3904008 0.1772916 0.1367412 0.2440668 0.0000000 0.2082238 0.3693574 0.7300869 0.9312848 1.6479184 1.2518679 0.6354734 0.8990218 0.3241000 
Aulophyseter   1.4396946 2.1677788 0.4408400 0.3295250 0.4099078 0.3596798 0.3525027 0.2082238 0.0000000 0.1752111 1.3438196 0.7662384 9.0000000 0.9852928 0.9744622 0.9607004 0.4673914 
Physeter       9.0000000 9.0000000 0.9913169 0.7822818 0.8990218 0.4673914 0.4925847 0.3693574 0.1752111 0.0000000 1.3438196 0.6734562 3.0322885 0.6354734 0.5716050 1.3721248 0.3335144 
Thalassocetus  1.4153022 1.4594326 0.4408400 0.8239592 0.5393420 0.5393420 0.5198604 0.7300869 1.3438196 1.3438196 0.0000000 0.3389888 0.4408400 0.5716050 1.1280580 1.1280580 0.4849704 
Scaphokogia    9.0000000 3.0322885 1.2070784 1.0997528 1.0763134 1.8252100 1.0997528 0.9312848 0.7662384 0.6734562 0.3389888 0.0000000 0.0883373 0.2757936 0.9178316 9.0000000 0.2326162 
Praekogia      9.0000000 9.0000000 0.9744622 9.0000000 1.9237120 1.4594326 1.3843700 1.6479184 9.0000000 3.0322885 0.4408400 0.0883373 0.0000000 0.1202570 1.9237120 9.0000000 0.5972486 
Kogia          9.0000000 1.9685014 1.3089296 2.1249100 3.0322885 1.4153022 1.1504478 1.2518679 0.9852928 0.6354734 0.5716050 0.2757936 0.1202570 0.0000000 0.8864954 9.0000000 0.5198604 
Leviathan      2.6223807 0.8239592 1.3438196 0.7703650 0.5481656 0.9178316 1.2070784 0.6354734 0.9744622 0.5716050 1.1280580 0.9178316 1.9237120 0.8864954 0.0000000 0.6081977 0.5481656 
Acrophyseter   0.8921881 0.9913169 0.3469676 0.2912780 0.2326162 0.2635484 0.4849704 0.8990218 0.9607004 1.3721248 1.1280580 9.0000000 9.0000000 9.0000000 0.6081977 0.0000000 1.3089296 
Aprixokogia    3.0322885 1.6479184 0.7405400 0.6626257 0.5068166 0.6181316 0.5716050 0.3241000 0.4673914 0.3335144 0.4849704 0.2326162 0.5972486 0.5198604 0.5481656 1.3089296 0.0000000 
