23
Gorilla_gorilla            0.0000000 0.1875448 0.5963500 0.7635756 0.7946351 0.5609706 0.6450590 0.5263851 1.0827358 1.1149510 0.9270845 0.8124495 0.7946351 0.7890618 1.0117710 0.9002448 0.9910168 1.3282781 1.2202133 0.9366084 1.1317696 1.2485102 0.9319311 
Pan_troglodytes            0.1875448 0.0000000 0.5658021 0.3088302 0.4128673 0.4631799 0.5010552 0.5735675 0.8857452 1.1830678 1.0578584 0.8630312 0.7060816 0.6695302 0.8632348 0.7347377 0.8416222 1.0493629 1.0277243 0.6841505 0.8731282 0.6351167 0.8124495 
Sahelanthropus_tchadensis  0.5963500 0.5658021 0.0000000 0.7002540 0.5776227 0.6017789 0.7130551 0.6654231 0.4501996 0.9332414 0.8961295 0.7150182 1.0608047 0.8800439 1.2368956 0.9645440 0.9645440 0.9822125 0.8942777 1.0608047 0.9289514 1.6215918 1.3411983 
Ardipithecus_ramidus       0.7635756 0.3088302 0.7002540 0.0000000 0.3105627 0.5718953 1.1739727 0.7635756 0.3498782 1.7668863 9.0000000 1.4206234 1.1014632 1.0608047 0.7060816 1.0867136 1.8166523 1.5271512 1.3411983 9.0000000 1.3411983 0.0000010 1.5271512 
Australopithecus_anamensis 0.7946351 0.4128673 0.5776227 0.3105627 0.0000000 0.2547751 0.4863208 0.2764812 0.3303461 1.3411983 1.6215918 1.0387770 0.8513760 0.6017789 0.6281432 0.6351167 0.6351167 1.0867136 0.9040945 0.7635756 0.7946351 1.9188209 0.8513760 
Australopithecus_afarensis 0.5609706 0.4631799 0.6017789 0.5718953 0.2547751 0.0000000 0.3877488 0.0728619 0.5570455 0.8103168 0.8775253 0.5648998 0.8430008 0.6476226 0.6841505 0.7172674 0.7286054 1.1284094 1.1643862 1.2127394 0.8321074 0.9822125 0.6547255 
Australopithecus_africanus 0.6450590 0.5010552 0.7130551 1.1739727 0.4863208 0.3877488 0.0000000 0.2622590 0.5830164 0.6772917 0.7682705 0.5473921 0.4855664 0.4256880 0.4368739 0.5636837 0.5381390 0.8837836 0.8417579 0.5944582 0.7038842 1.1176449 0.6528479 
Australopithecus_garhi     0.5263851 0.5735675 0.6654231 0.7635756 0.2764812 0.0728619 0.2622590 0.0000000 0.5449387 1.1239264 0.9542769 0.8253323 0.9645440 0.4417142 0.6084904 0.6725762 0.4777883 1.1176449 0.9155102 0.7635756 0.7980633 1.6215918 1.0033107 
Kenyanthropus_platyops     1.0827358 0.8857452 0.4501996 0.3498782 0.3303461 0.5570455 0.5830164 0.5449387 0.0000000 1.2485102 1.2400642 0.9495286 0.9645440 0.4473343 0.2094287 0.7635756 1.4524744 1.1552453 1.3411983 0.5449387 0.8580162 9.0000000 0.9645440 
Paranthropus_robustus      1.1149510 1.1830678 0.9332414 1.7668863 1.3411983 0.8103168 0.6772917 1.1239264 1.2485102 0.0000000 0.2357762 0.3014414 0.8382524 0.7279407 0.7500982 0.7050035 0.6793919 0.6795717 0.8611801 1.0289537 0.6995327 0.5678760 0.6861205 
Paranthropus_boisei        0.9270845 1.0578584 0.8961295 9.0000000 1.6215918 0.8775253 0.7682705 0.9542769 1.2400642 0.2357762 0.0000000 0.2803935 0.9103978 0.8100273 0.7952651 0.8392215 0.8726086 0.6602540 0.7731726 1.0417199 0.7701459 1.4524744 0.6931111 
Paranthropus_aethiopicus   0.8124495 0.8630312 0.7150182 1.4206234 1.0387770 0.5648998 0.5473921 0.8253323 0.9495286 0.3014414 0.2803935 0.0000000 1.0398539 0.8929863 0.7358466 1.0417199 0.7519745 0.7791524 0.7795505 1.4338863 1.0775838 0.8513760 0.9155102 
Australopithecus_sediba    0.7946351 0.7060816 1.0608047 1.1014632 0.8513760 0.8430008 0.4855664 0.9645440 0.9645440 0.8382524 0.9103978 1.0398539 0.0000000 0.3498782 0.4344832 0.3516620 0.3760279 0.4404377 0.4256880 0.7635756 0.4144266 0.3213854 0.3412276 
Homo_habilis               0.7890618 0.6695302 0.8800439 1.0608047 0.6017789 0.6476226 0.4256880 0.4417142 0.4473343 0.7279407 0.8100273 0.8929863 0.3498782 0.0000000 0.1838080 0.2140312 0.2862109 0.4483961 0.5070534 0.7635756 0.3694553 0.7635756 0.4053618 
Homo_rudolfensis           1.0117710 0.8632348 1.2368956 0.7060816 0.6281432 0.6841505 0.4368739 0.6084904 0.2094287 0.7500982 0.7952651 0.7358466 0.4344832 0.1838080 0.0000000 0.2273558 0.2693558 0.3079054 0.3876793 0.7150182 0.3697386 0.6017789 0.2870870 
Homo_ergaster              0.9002448 0.7347377 0.9645440 1.0867136 0.6351167 0.7172674 0.5636837 0.6725762 0.7635756 0.7050035 0.8392215 1.0417199 0.3516620 0.2140312 0.2273558 0.0000000 0.1881488 0.3141789 0.4256880 0.9289514 0.3025767 0.5032634 0.2633644 
Homo_erectus               0.9910168 0.8416222 0.9645440 1.8166523 0.6351167 0.7286054 0.5381390 0.4777883 1.4524744 0.6793919 0.8726086 0.7519745 0.3760279 0.2862109 0.2693558 0.1881488 0.0000000 0.2540503 0.3431123 0.8151384 0.3247729 0.4539393 0.2426642 
Homo_heidelbergensis       1.3282781 1.0493629 0.9822125 1.5271512 1.0867136 1.1284094 0.8837836 1.1176449 1.1552453 0.6795717 0.6602540 0.7791524 0.4404377 0.4483961 0.3079054 0.3141789 0.2540503 0.0000000 0.1755268 1.0608047 0.1783840 0.5283819 0.4957037 
Homo_neanderthalensis      1.2202133 1.0277243 0.8942777 1.3411983 0.9040945 1.1643862 0.8417579 0.9155102 1.3411983 0.8611801 0.7731726 0.7795505 0.4256880 0.5070534 0.3876793 0.4256880 0.3431123 0.1755268 0.0000000 1.0608047 0.2630318 0.9759858 0.4529013 
Homo_floresiensis          0.9366084 0.6841505 1.0608047 9.0000000 0.7635756 1.2127394 0.5944582 0.7635756 0.5449387 1.0289537 1.0417199 1.4338863 0.7635756 0.7635756 0.7150182 0.9289514 0.8151384 1.0608047 1.0608047 0.0000000 1.1317696 1.0608047 0.8112076 
Homo_sapiens               1.1317696 0.8731282 0.9289514 1.3411983 0.7946351 0.8321074 0.7038842 0.7980633 0.8580162 0.6995327 0.7701459 1.0775838 0.4144266 0.3694553 0.3697386 0.3025767 0.3247729 0.1783840 0.2630318 1.1317696 0.0000000 0.8657442 0.6084904 
Homo_antecessor            1.2485102 0.6351167 1.6215918 0.0000010 1.9188209 0.9822125 1.1176449 1.6215918 9.0000000 0.5678760 1.4524744 0.8513760 0.3213854 0.7635756 0.6017789 0.5032634 0.4539393 0.5283819 0.9759858 1.0608047 0.8657442 0.0000000 0.5648998 
Homo_dmanisi               0.9319311 0.8124495 1.3411983 1.5271512 0.8513760 0.6547255 0.6528479 1.0033107 0.9645440 0.6861205 0.6931111 0.9155102 0.3412276 0.4053618 0.2870870 0.2633644 0.2426642 0.4957037 0.4529013 0.8112076 0.6084904 0.5648998 0.0000000 
